h =

   -1.470330
   -9.163658
   -2.250079
    5.298230
    6.875422
   -3.720070
    7.523618
    0.315752
    8.703871
    1.593243
    2.817367
   -2.876616
    7.757803
    9.416656
   -0.884970
    4.635680
    0.362123
   -1.074914
    8.717729
    0.910949
   -1.957907
    7.095228
   -4.121880
   -8.315682
    5.379290
    2.445094
    1.002362
    2.383012
   -1.582737
   -3.243703
    2.837435
    4.491301
   -0.952879
    0.295653
   -1.719072
   -2.630202
    2.556987
    5.017010
   -0.727466
   -2.115728
    4.042088
   -4.319198
    8.002458
    0.597402
   -4.625909
   -1.143266
    5.530247
   12.899884
    7.768378
   12.052253
    6.821587
    8.054312
    2.787463
   -5.015829
   -3.981793
   -2.120874
    9.301441
    1.635150
    4.814653
    6.050005
    8.231110
   -7.538675
   -4.896942
   -8.069641
   -1.776330
   -2.469401
    3.598547
   -3.808845
   10.479127
    1.547623
   -8.793999
    4.414202
    9.714817
    2.710577
    2.939881
   10.439422
    3.148027
    1.253604
   -3.407207
    0.989308
    7.743537
    4.105763
    2.781722
   -0.649402
   10.265381
    6.812566
    0.184048
    9.180448
   11.056570
   -1.376498
   10.250687
   11.591469
   -5.789427
    7.867566
    3.040818
    2.373890
    1.873110
    9.618084
    0.054391
    8.861141

